r1 r2 r3 r4 r5 r6 
26.40 28.04 28.98 30.07 32.23 36.06 
26.40 28.05 29.00 30.04 32.25 36.11 
26.74 28.26 29.46 30.42 32.61 36.64 
26.67 28.32 29.49 30.45 32.62 36.66 
26.72 28.34 29.52 30.46 32.63 36.69 
28.69 29.03 30.03 31.62 33.79 37.74 
28.56 29.04 29.99 31.61 33.76 37.64 
28.23 29.00 30.12 31.66 33.88 37.80 
28.89 29.69 30.87 32.09 34.55 38.21 
29.30 30.48 31.54 32.91 35.45 39.19 
29.19 30.44 31.62 32.99 35.50 39.23 
29.34 30.53 31.56 32.99 35.51 39.18 
28.89 29.80 31.03 32.28 34.75 38.58 
28.66 29.79 30.96 32.25 34.76 38.56 
29.07 29.86 31.10 32.29 34.85 38.61 
29.59 30.03 31.36 32.61 35.14 38.91 
29.56 30.06 31.36 32.60 35.14 38.90 
29.02 29.66 30.93 32.24 34.56 38.32 
28.93 29.73 30.97 32.28 34.65 38.31 
28.89 29.69 30.99 32.25 34.65 38.33 
28.14 29.24 30.48 31.72 34.11 37.90 
28.18 29.29 30.49 31.72 34.10 37.91 
28.14 29.32 30.48 31.75 34.14 37.90 
28.29 28.84 29.94 31.41 33.68 37.33 
28.22 28.83 29.99 31.43 33.70 37.38 
28.63 28.93 30.02 31.47 33.77 37.42 
28.54 29.09 30.27 31.43 33.79 37.65 
28.50 29.07 30.24 31.39 33.77 37.64 
28.48 29.25 30.37 31.33 33.81 37.73 
28.87 29.48 30.83 32.05 34.59 38.51 
28.63 29.53 30.67 31.97 34.39 38.31 
28.50 29.73 30.92 32.25 34.88 38.70 
28.57 29.79 30.96 32.33 34.96 38.73 
28.23 29.91 31.11 32.32 34.79 38.71 
28.70 29.93 31.12 32.31 34.89 38.64 
27.99 29.35 30.63 31.64 34.16 37.70 
27.96 29.45 30.72 31.76 34.23 37.83 
28.28 29.51 30.66 31.74 34.17 37.69 
28.30 29.46 30.57 31.63 34.07 37.42 
28.56 29.37 30.50 31.63 33.96 37.22 
28.13 29.11 30.15 31.10 33.34 36.56 
28.14 29.28 30.33 31.16 33.45 36.61 
28.13 29.26 30.20 31.10 33.33 36.41 
27.87 29.17 30.09 30.92 33.10 36.13 
27.70 28.93 29.90 30.86 32.74 35.62 
26.99 28.25 29.16 30.00 31.79 34.56 
27.21 28.34 29.24 30.10 31.92 34.65 
27.24 28.27 29.18 29.95 31.75 34.36 
27.05 28.22 29.14 29.83 31.53 34.07 
27.28 28.22 29.11 29.62 31.32 33.74 
27.05 28.11 29.00 29.46 31.03 33.51 
27.30 27.93 28.77 29.33 30.78 33.24 
26.73 27.75 28.42 28.98 30.38 32.67 
26.22 27.21 27.93 28.53 29.83 32.05 
26.19 27.17 28.03 28.40 29.73 31.95 
26.24 27.15 27.81 28.18 29.50 31.70 
26.19 26.97 27.60 27.97 29.18 31.22 
25.94 26.91 27.47 27.77 28.88 30.94 
25.85 26.72 27.23 27.53 28.66 30.61 
25.47 26.61 27.04 27.37 28.35 30.32 
25.70 26.24 26.80 27.07 27.97 29.91 
25.55 26.01 26.55 26.80 27.70 29.61 
24.86 25.59 26.01 26.30 27.14 29.07 
24.78 25.64 26.12 26.17 27.00 28.91 
24.60 25.56 25.92 26.05 26.82 28.62 
24.71 25.48 25.78 25.84 26.60 28.41 
24.71 25.25 25.64 25.69 26.35 28.16 
24.28 25.11 25.47 25.50 26.11 27.91 
24.23 24.97 25.27 25.31 25.94 27.64 
23.82 24.65 25.04 25.00 25.52 27.25 
23.80 24.61 24.83 24.75 25.30 26.98 
23.85 24.36 24.70 24.53 25.13 26.79 
23.38 24.17 24.31 24.25 24.67 26.38 
23.46 24.10 24.22 24.12 24.57 26.22 
23.33 23.85 24.03 24.03 24.33 26.02 
23.30 23.77 23.83 23.86 24.14 25.76 
23.13 23.58 23.74 23.62 23.89 25.53 
22.79 23.31 23.53 23.36 23.71 25.24 
22.71 23.11 23.29 23.13 23.42 24.93 
22.72 23.00 23.18 22.94 23.14 24.77 
21.82 22.54 22.63 22.50 22.62 24.26 
22.53 22.61 22.57 22.37 22.53 24.15 
22.02 22.50 22.51 22.28 22.37 24.01 
21.92 22.33 22.33 22.14 22.24 23.85 
21.49 22.23 22.05 21.88 21.94 23.57 
21.63 22.10 21.95 21.74 21.77 23.49 
21.44 21.97 21.79 21.55 21.59 23.28 
21.35 21.84 21.70 21.42 21.49 23.08 
21.26 21.54 21.46 21.16 21.24 22.88 
20.58 21.33 21.19 20.90 20.96 22.59 
20.56 21.24 21.06 20.77 20.80 22.45 
20.79 21.13 20.91 20.72 20.65 22.27 
20.40 20.88 20.79 20.48 20.45 22.11 
20.29 20.79 20.61 20.42 20.33 22.04 
20.20 20.68 20.47 20.25 20.19 21.84 
20.03 20.70 20.39 20.10 19.97 21.75 
19.84 20.47 20.22 19.90 19.79 21.50 
19.68 20.37 20.05 19.76 19.67 21.39 
19.33 19.97 19.63 19.41 19.26 21.01 
19.30 19.89 19.61 19.36 19.16 20.86 
19.31 19.79 19.56 19.33 19.11 20.74 
19.13 19.64 19.41 19.17 18.92 20.63 
19.25 19.54 19.29 19.06 18.79 20.45 
19.10 19.52 19.09 18.93 18.63 20.37 
19.17 19.34 19.01 18.83 18.50 20.24 
19.08 19.22 18.93 18.81 18.44 20.09 
17.53 18.12 17.87 17.70 17.26 19.15 
r1std r2std r3std r4std r5std r6std 
21.23 23.77 24.76 25.23 26.70 31.80 
21.19 23.77 24.82 25.29 26.72 31.83 
21.37 23.96 24.99 25.49 26.93 32.07 
21.36 23.98 25.04 25.51 26.98 32.02 
21.38 23.96 25.04 25.53 26.98 32.04 
22.09 24.53 25.51 26.05 27.50 32.50 
22.10 24.49 25.41 26.01 27.41 32.43 
22.13 24.53 25.55 26.13 27.44 32.50 
22.50 24.97 25.98 26.52 27.90 32.80 
22.91 25.47 26.43 26.99 28.37 33.35 
22.84 25.46 26.47 27.04 28.43 33.37 
22.87 25.47 26.41 27.02 28.47 33.28 
22.63 25.04 26.05 26.66 27.98 33.01 
22.49 25.03 26.01 26.60 28.04 32.95 
22.65 25.09 26.10 26.66 28.06 32.98 
22.79 25.26 26.27 26.81 28.20 33.12 
22.78 25.20 26.26 26.80 28.18 33.10 
22.52 24.83 26.01 26.50 27.85 32.72 
22.50 24.87 26.06 26.52 27.93 32.81 
22.44 24.85 26.06 26.47 27.93 32.79 
22.12 24.53 25.80 26.18 27.67 32.52 
22.18 24.52 25.79 26.20 27.70 32.60 
22.11 24.54 25.78 26.15 27.65 32.58 
21.94 24.24 25.40 25.96 27.38 32.32 
21.99 24.30 25.42 26.02 27.37 32.35 
22.10 24.32 25.46 26.04 27.35 32.31 
22.14 24.36 25.37 25.96 27.43 32.41 
22.08 24.36 25.41 26.00 27.46 32.35 
22.08 24.38 25.42 26.01 27.43 32.43 
22.46 24.66 25.78 26.36 27.86 32.80 
22.37 24.58 25.79 26.28 27.77 32.75 
22.32 24.78 25.89 26.41 27.90 32.91 
22.36 24.81 25.86 26.35 27.93 32.83 
22.38 24.81 25.89 26.34 27.89 32.82 
22.51 24.85 25.92 26.40 27.86 32.74 
22.10 24.50 25.58 26.02 27.48 32.35 
22.17 24.56 25.69 26.13 27.50 32.38 
22.21 24.58 25.67 26.12 27.44 32.21 
22.23 24.49 25.58 26.05 27.35 32.06 
22.30 24.48 25.53 26.02 27.29 31.95 
22.12 24.29 25.36 25.72 27.05 31.61 
22.13 24.37 25.48 25.78 27.12 31.67 
22.06 24.34 25.37 25.65 27.03 31.47 
22.03 24.30 25.28 25.60 26.94 31.35 
21.97 24.22 25.23 25.52 26.84 31.18 
21.57 23.88 24.88 25.09 26.31 30.80 
21.70 23.93 24.90 25.14 26.35 30.75 
21.64 23.85 24.82 25.06 26.21 30.61 
21.60 23.87 24.83 25.03 26.11 30.51 
21.63 23.86 24.79 24.92 26.12 30.49 
21.49 23.78 24.71 24.86 25.96 30.37 
21.56 23.71 24.65 24.80 25.88 30.28 
21.46 23.59 24.47 24.61 25.66 30.06 
21.24 23.34 24.23 24.38 25.44 29.77 
21.19 23.33 24.20 24.33 25.35 29.72 
21.24 23.28 24.05 24.21 25.20 29.59 
21.14 23.19 23.94 24.07 25.05 29.31 
21.01 23.09 23.89 23.96 24.91 29.20 
20.98 23.06 23.79 23.94 24.82 29.08 
20.90 23.01 23.74 23.84 24.68 29.01 
20.79 22.84 23.67 23.67 24.47 28.77 
20.86 22.78 23.58 23.54 24.38 28.69 
20.47 22.51 23.22 23.29 24.12 28.47 
20.48 22.58 23.35 23.28 24.13 28.43 
20.43 22.56 23.27 23.20 24.05 28.31 
20.49 22.44 23.19 23.15 23.94 28.19 
20.49 22.35 23.08 23.04 23.85 28.02 
20.34 22.30 23.01 22.96 23.71 27.93 
20.34 22.25 22.90 22.86 23.68 27.81 
20.09 22.12 22.78 22.74 23.48 27.58 
20.13 22.09 22.68 22.62 23.41 27.50 
20.07 21.95 22.58 22.52 23.31 27.50 
19.84 21.82 22.34 22.32 23.09 27.28 
19.94 21.73 22.34 22.24 23.05 27.23 
19.80 21.63 22.25 22.19 22.92 27.10 
19.86 21.54 22.16 22.14 22.89 27.00 
19.78 21.48 22.04 22.06 22.81 26.88 
19.65 21.37 21.94 21.93 22.71 26.75 
19.62 21.29 21.85 21.82 22.56 26.62 
19.59 21.19 21.76 21.78 22.39 26.53 
19.19 20.94 21.53 21.54 22.13 26.32 
19.47 21.04 21.53 21.59 22.12 26.30 
19.32 21.01 21.52 21.49 22.12 26.25 
19.31 20.99 21.42 21.41 22.05 26.17 
19.23 20.88 21.34 21.22 21.93 26.12 
19.24 20.80 21.29 21.20 21.85 26.10 
19.13 20.75 21.21 21.10 21.84 26.07 
19.06 20.73 21.15 21.05 21.78 25.95 
18.99 20.59 20.99 21.02 21.63 25.83 
18.80 20.42 20.90 20.83 21.51 25.72 
18.75 20.36 20.87 20.81 21.42 25.70 
18.79 20.32 20.73 20.69 21.29 25.60 
18.65 20.21 20.66 20.57 21.12 25.62 
18.63 20.14 20.57 20.56 21.11 25.53 
18.58 20.10 20.52 20.52 21.06 25.51 
18.54 20.09 20.51 20.44 20.94 25.48 
18.53 20.00 20.42 20.35 20.92 25.37 
18.44 19.93 20.35 20.24 20.82 25.38 
18.24 19.72 20.15 20.16 20.68 25.19 
18.26 19.70 20.12 20.12 20.61 25.11 
18.20 19.62 20.13 20.07 20.63 25.03 
18.13 19.61 20.08 20.02 20.47 25.08 
18.08 19.55 19.98 19.94 20.39 25.00 
18.08 19.49 19.88 19.90 20.33 24.93 
18.06 19.46 19.83 19.89 20.29 24.87 
17.96 19.40 19.83 19.86 20.27 24.80 
17.23 18.75 19.17 19.26 19.62 24.37 
r1norm r2norm r3norm r4norm r5norm r6norm 
1.00 1.00 1.00 1.00 1.00 1.00 
1.00 1.00 1.00 1.00 1.00 1.00 
1.01 1.01 1.02 1.01 1.01 1.02 
1.01 1.01 1.02 1.01 1.01 1.02 
1.01 1.01 1.02 1.01 1.01 1.02 
1.09 1.04 1.04 1.05 1.05 1.05 
1.08 1.04 1.03 1.05 1.05 1.04 
1.07 1.03 1.04 1.05 1.05 1.05 
1.09 1.06 1.06 1.07 1.07 1.06 
1.11 1.09 1.09 1.09 1.10 1.09 
1.11 1.09 1.09 1.10 1.10 1.09 
1.11 1.09 1.09 1.10 1.10 1.09 
1.09 1.06 1.07 1.07 1.08 1.07 
1.09 1.06 1.07 1.07 1.08 1.07 
1.10 1.06 1.07 1.07 1.08 1.07 
1.12 1.07 1.08 1.08 1.09 1.08 
1.12 1.07 1.08 1.08 1.09 1.08 
1.10 1.06 1.07 1.07 1.07 1.06 
1.10 1.06 1.07 1.07 1.07 1.06 
1.09 1.06 1.07 1.07 1.08 1.06 
1.07 1.04 1.05 1.06 1.06 1.05 
1.07 1.04 1.05 1.05 1.06 1.05 
1.07 1.05 1.05 1.06 1.06 1.05 
1.07 1.03 1.03 1.04 1.04 1.04 
1.07 1.03 1.03 1.05 1.05 1.04 
1.08 1.03 1.04 1.05 1.05 1.04 
1.08 1.04 1.04 1.05 1.05 1.04 
1.08 1.04 1.04 1.04 1.05 1.04 
1.08 1.04 1.05 1.04 1.05 1.05 
1.09 1.05 1.06 1.07 1.07 1.07 
1.08 1.05 1.06 1.06 1.07 1.06 
1.08 1.06 1.07 1.07 1.08 1.07 
1.08 1.06 1.07 1.08 1.08 1.07 
1.07 1.07 1.07 1.08 1.08 1.07 
1.09 1.07 1.07 1.07 1.08 1.07 
1.06 1.05 1.06 1.05 1.06 1.05 
1.06 1.05 1.06 1.06 1.06 1.05 
1.07 1.05 1.06 1.06 1.06 1.05 
1.07 1.05 1.05 1.05 1.06 1.04 
1.08 1.05 1.05 1.05 1.05 1.03 
1.07 1.04 1.04 1.03 1.03 1.01 
1.07 1.04 1.05 1.04 1.04 1.02 
1.07 1.04 1.04 1.03 1.03 1.01 
1.06 1.04 1.04 1.03 1.03 1.00 
1.05 1.03 1.03 1.03 1.02 0.99 
1.02 1.01 1.01 1.00 0.99 0.96 
1.03 1.01 1.01 1.00 0.99 0.96 
1.03 1.01 1.01 1.00 0.99 0.95 
1.02 1.01 1.01 0.99 0.98 0.94 
1.03 1.01 1.00 0.99 0.97 0.94 
1.02 1.00 1.00 0.98 0.96 0.93 
1.03 1.00 0.99 0.98 0.95 0.92 
1.01 0.99 0.98 0.96 0.94 0.91 
0.99 0.97 0.96 0.95 0.93 0.89 
0.99 0.97 0.97 0.94 0.92 0.89 
0.99 0.97 0.96 0.94 0.92 0.88 
0.99 0.96 0.95 0.93 0.91 0.87 
0.98 0.96 0.95 0.92 0.90 0.86 
0.98 0.95 0.94 0.92 0.89 0.85 
0.96 0.95 0.93 0.91 0.88 0.84 
0.97 0.94 0.92 0.90 0.87 0.83 
0.97 0.93 0.92 0.89 0.86 0.82 
0.94 0.91 0.90 0.87 0.84 0.81 
0.94 0.91 0.90 0.87 0.84 0.80 
0.93 0.91 0.89 0.87 0.83 0.79 
0.94 0.91 0.89 0.86 0.83 0.79 
0.94 0.90 0.88 0.85 0.82 0.78 
0.92 0.90 0.88 0.85 0.81 0.77 
0.92 0.89 0.87 0.84 0.80 0.77 
0.90 0.88 0.86 0.83 0.79 0.76 
0.90 0.88 0.86 0.82 0.78 0.75 
0.90 0.87 0.85 0.82 0.78 0.74 
0.89 0.86 0.84 0.81 0.77 0.73 
0.89 0.86 0.84 0.80 0.76 0.73 
0.88 0.85 0.83 0.80 0.75 0.72 
0.88 0.85 0.82 0.79 0.75 0.71 
0.88 0.84 0.82 0.79 0.74 0.71 
0.86 0.83 0.81 0.78 0.74 0.70 
0.86 0.82 0.80 0.77 0.73 0.69 
0.86 0.82 0.80 0.76 0.72 0.69 
0.83 0.80 0.78 0.75 0.70 0.67 
0.85 0.81 0.78 0.74 0.70 0.67 
0.83 0.80 0.78 0.74 0.69 0.67 
0.83 0.80 0.77 0.74 0.69 0.66 
0.81 0.79 0.76 0.73 0.68 0.65 
0.82 0.79 0.76 0.72 0.68 0.65 
0.81 0.78 0.75 0.72 0.67 0.65 
0.81 0.78 0.75 0.71 0.67 0.64 
0.81 0.77 0.74 0.70 0.66 0.63 
0.78 0.76 0.73 0.70 0.65 0.63 
0.78 0.76 0.73 0.69 0.65 0.62 
0.79 0.75 0.72 0.69 0.64 0.62 
0.77 0.74 0.72 0.68 0.63 0.61 
0.77 0.74 0.71 0.68 0.63 0.61 
0.77 0.74 0.71 0.67 0.63 0.61 
0.76 0.74 0.70 0.67 0.62 0.60 
0.75 0.73 0.70 0.66 0.61 0.60 
0.75 0.73 0.69 0.66 0.61 0.59 
0.73 0.71 0.68 0.65 0.60 0.58 
0.73 0.71 0.68 0.64 0.59 0.58 
0.73 0.71 0.67 0.64 0.59 0.58 
0.72 0.70 0.67 0.64 0.59 0.57 
0.73 0.70 0.67 0.63 0.58 0.57 
0.72 0.70 0.66 0.63 0.58 0.56 
0.73 0.69 0.66 0.63 0.57 0.56 
0.72 0.69 0.65 0.63 0.57 0.56 
0.66 0.65 0.62 0.59 0.54 0.53 
r1stdnorm r2stdnorm r3stdnorm r4stdnorm r5stdnorm r6stdnorm 
0.80 0.85 0.85 0.84 0.83 0.88 
0.80 0.85 0.86 0.84 0.83 0.88 
0.81 0.85 0.86 0.85 0.84 0.89 
0.81 0.86 0.86 0.85 0.84 0.89 
0.81 0.85 0.86 0.85 0.84 0.89 
0.84 0.87 0.88 0.87 0.85 0.90 
0.84 0.87 0.88 0.87 0.85 0.90 
0.84 0.87 0.88 0.87 0.85 0.90 
0.85 0.89 0.90 0.88 0.87 0.91 
0.87 0.91 0.91 0.90 0.88 0.92 
0.87 0.91 0.91 0.90 0.88 0.93 
0.87 0.91 0.91 0.90 0.88 0.92 
0.86 0.89 0.90 0.89 0.87 0.92 
0.85 0.89 0.90 0.88 0.87 0.91 
0.86 0.89 0.90 0.89 0.87 0.91 
0.86 0.90 0.91 0.89 0.87 0.92 
0.86 0.90 0.91 0.89 0.87 0.92 
0.85 0.89 0.90 0.88 0.86 0.91 
0.85 0.89 0.90 0.88 0.87 0.91 
0.85 0.89 0.90 0.88 0.87 0.91 
0.84 0.87 0.89 0.87 0.86 0.90 
0.84 0.87 0.89 0.87 0.86 0.90 
0.84 0.88 0.89 0.87 0.86 0.90 
0.83 0.86 0.88 0.86 0.85 0.90 
0.83 0.87 0.88 0.87 0.85 0.90 
0.84 0.87 0.88 0.87 0.85 0.90 
0.84 0.87 0.88 0.86 0.85 0.90 
0.84 0.87 0.88 0.86 0.85 0.90 
0.84 0.87 0.88 0.86 0.85 0.90 
0.85 0.88 0.89 0.88 0.86 0.91 
0.85 0.88 0.89 0.87 0.86 0.91 
0.85 0.88 0.89 0.88 0.87 0.91 
0.85 0.88 0.89 0.88 0.87 0.91 
0.85 0.88 0.89 0.88 0.87 0.91 
0.85 0.89 0.89 0.88 0.86 0.91 
0.84 0.87 0.88 0.87 0.85 0.90 
0.84 0.88 0.89 0.87 0.85 0.90 
0.84 0.88 0.89 0.87 0.85 0.89 
0.84 0.87 0.88 0.87 0.85 0.89 
0.84 0.87 0.88 0.87 0.85 0.89 
0.84 0.87 0.88 0.86 0.84 0.88 
0.84 0.87 0.88 0.86 0.84 0.88 
0.84 0.87 0.88 0.85 0.84 0.87 
0.83 0.87 0.87 0.85 0.84 0.87 
0.83 0.86 0.87 0.85 0.83 0.86 
0.82 0.85 0.86 0.83 0.82 0.85 
0.82 0.85 0.86 0.84 0.82 0.85 
0.82 0.85 0.86 0.83 0.81 0.85 
0.82 0.85 0.86 0.83 0.81 0.85 
0.82 0.85 0.86 0.83 0.81 0.85 
0.81 0.85 0.85 0.83 0.81 0.84 
0.82 0.85 0.85 0.82 0.80 0.84 
0.81 0.84 0.84 0.82 0.80 0.83 
0.80 0.83 0.84 0.81 0.79 0.83 
0.80 0.83 0.83 0.81 0.79 0.82 
0.80 0.83 0.83 0.81 0.78 0.82 
0.80 0.83 0.83 0.80 0.78 0.81 
0.80 0.82 0.82 0.80 0.77 0.81 
0.79 0.82 0.82 0.80 0.77 0.81 
0.79 0.82 0.82 0.79 0.77 0.80 
0.79 0.81 0.82 0.79 0.76 0.80 
0.79 0.81 0.81 0.78 0.76 0.80 
0.78 0.80 0.80 0.77 0.75 0.79 
0.78 0.81 0.81 0.77 0.75 0.79 
0.77 0.80 0.80 0.77 0.75 0.79 
0.78 0.80 0.80 0.77 0.74 0.78 
0.78 0.80 0.80 0.77 0.74 0.78 
0.77 0.80 0.79 0.76 0.74 0.77 
0.77 0.79 0.79 0.76 0.73 0.77 
0.76 0.79 0.79 0.76 0.73 0.76 
0.76 0.79 0.78 0.75 0.73 0.76 
0.76 0.78 0.78 0.75 0.72 0.76 
0.75 0.78 0.77 0.74 0.72 0.76 
0.76 0.78 0.77 0.74 0.72 0.76 
0.75 0.77 0.77 0.74 0.71 0.75 
0.75 0.77 0.76 0.74 0.71 0.75 
0.75 0.77 0.76 0.73 0.71 0.75 
0.74 0.76 0.76 0.73 0.70 0.74 
0.74 0.76 0.75 0.73 0.70 0.74 
0.74 0.76 0.75 0.72 0.69 0.74 
0.73 0.75 0.74 0.72 0.69 0.73 
0.74 0.75 0.74 0.72 0.69 0.73 
0.73 0.75 0.74 0.71 0.69 0.73 
0.73 0.75 0.74 0.71 0.68 0.73 
0.73 0.74 0.74 0.71 0.68 0.72 
0.73 0.74 0.73 0.71 0.68 0.72 
0.72 0.74 0.73 0.70 0.68 0.72 
0.72 0.74 0.73 0.70 0.68 0.72 
0.72 0.73 0.72 0.70 0.67 0.72 
0.71 0.73 0.72 0.69 0.67 0.71 
0.71 0.73 0.72 0.69 0.66 0.71 
0.71 0.72 0.72 0.69 0.66 0.71 
0.71 0.72 0.71 0.68 0.66 0.71 
0.71 0.72 0.71 0.68 0.65 0.71 
0.70 0.72 0.71 0.68 0.65 0.71 
0.70 0.72 0.71 0.68 0.65 0.71 
0.70 0.71 0.70 0.68 0.65 0.70 
0.70 0.71 0.70 0.67 0.65 0.70 
0.69 0.70 0.70 0.67 0.64 0.70 
0.69 0.70 0.69 0.67 0.64 0.70 
0.69 0.70 0.69 0.67 0.64 0.69 
0.69 0.70 0.69 0.67 0.64 0.70 
0.68 0.70 0.69 0.66 0.63 0.69 
0.68 0.69 0.69 0.66 0.63 0.69 
0.68 0.69 0.68 0.66 0.63 0.69 
0.68 0.69 0.68 0.66 0.63 0.69 
0.65 0.67 0.66 0.64 0.61 0.68 
r1lineplot std r2lineplot std r3lineplot std r4lineplot std r5lineplot std r6lineplot std 
19.44 21.78 22.70 22.96 23.87 27.71 
19.44 21.80 22.76 23.00 23.89 27.75 
19.58 21.98 22.91 23.20 24.15 27.94 
19.59 21.99 22.95 23.22 24.19 27.90 
19.61 21.99 22.95 23.24 24.20 27.92 
20.48 22.63 23.50 23.80 24.80 28.52 
20.47 22.61 23.42 23.76 24.73 28.46 
20.46 22.67 23.54 23.89 24.78 28.55 
20.88 23.13 23.97 24.33 25.22 28.90 
21.30 23.69 24.48 24.83 25.73 29.51 
21.26 23.68 24.54 24.88 25.77 29.52 
21.30 23.69 24.49 24.85 25.81 29.45 
21.05 23.26 24.10 24.50 25.32 29.17 
20.89 23.25 24.07 24.45 25.37 29.13 
21.06 23.30 24.15 24.50 25.41 29.14 
21.27 23.49 24.33 24.64 25.57 29.31 
21.25 23.45 24.32 24.65 25.55 29.28 
20.95 23.06 24.03 24.34 25.21 28.90 
20.94 23.12 24.08 24.36 25.31 28.96 
20.88 23.10 24.09 24.33 25.29 28.94 
20.52 22.77 23.78 24.00 24.97 28.64 
20.56 22.77 23.76 24.02 25.02 28.69 
20.50 22.77 23.75 23.99 24.98 28.66 
20.32 22.44 23.38 23.76 24.67 28.39 
20.35 22.51 23.40 23.83 24.68 28.41 
20.46 22.53 23.45 23.85 24.67 28.41 
20.53 22.58 23.40 23.81 24.76 28.49 
20.48 22.58 23.42 23.85 24.80 28.46 
20.45 22.62 23.43 23.85 24.77 28.50 
20.86 22.95 23.81 24.23 25.23 28.93 
20.78 22.83 23.80 24.14 25.13 28.85 
20.75 23.05 23.93 24.28 25.28 29.04 
20.79 23.06 23.92 24.23 25.27 28.94 
20.80 23.08 23.93 24.23 25.24 28.96 
20.93 23.14 23.96 24.28 25.24 28.91 
20.55 22.77 23.63 23.91 24.85 28.53 
20.58 22.82 23.71 23.99 24.87 28.53 
20.65 22.85 23.69 23.98 24.84 28.41 
20.65 22.78 23.61 23.91 24.74 28.26 
20.72 22.77 23.59 23.90 24.67 28.17 
20.57 22.57 23.41 23.57 24.39 27.84 
20.57 22.69 23.51 23.66 24.48 27.92 
20.50 22.63 23.41 23.52 24.36 27.72 
20.48 22.57 23.32 23.47 24.28 27.58 
20.41 22.49 23.26 23.41 24.18 27.42 
20.02 22.11 22.91 22.97 23.67 27.01 
20.13 22.17 22.93 23.02 23.71 27.00 
20.12 22.08 22.85 22.95 23.60 26.88 
20.06 22.10 22.84 22.92 23.49 26.78 
20.07 22.08 22.80 22.81 23.47 26.74 
19.96 21.98 22.74 22.75 23.34 26.66 
20.03 21.92 22.66 22.66 23.25 26.59 
19.91 21.81 22.49 22.49 23.03 26.35 
19.71 21.53 22.24 22.27 22.79 26.10 
19.65 21.53 22.22 22.22 22.70 26.05 
19.70 21.49 22.10 22.10 22.56 25.92 
19.59 21.40 22.00 21.98 22.42 25.66 
19.50 21.32 21.94 21.89 22.31 25.54 
19.42 21.27 21.82 21.83 22.22 25.44 
19.35 21.21 21.78 21.75 22.09 25.33 
19.30 21.04 21.66 21.57 21.90 25.10 
19.32 20.98 21.58 21.46 21.80 25.03 
18.93 20.72 21.25 21.18 21.54 24.79 
18.97 20.78 21.35 21.18 21.53 24.72 
18.93 20.74 21.28 21.10 21.43 24.61 
18.95 20.64 21.18 21.04 21.35 24.51 
18.96 20.55 21.09 20.93 21.24 24.40 
18.78 20.48 21.01 20.83 21.11 24.27 
18.80 20.44 20.91 20.72 21.06 24.15 
18.55 20.30 20.79 20.60 20.88 23.96 
18.57 20.26 20.68 20.48 20.81 23.88 
18.52 20.13 20.59 20.39 20.72 23.87 
18.34 19.99 20.39 20.18 20.50 23.68 
18.40 19.93 20.36 20.12 20.47 23.60 
18.27 19.82 20.25 20.04 20.35 23.50 
18.30 19.75 20.15 19.99 20.29 23.41 
18.24 19.66 20.04 19.90 20.19 23.32 
18.13 19.54 19.93 19.77 20.08 23.17 
18.09 19.47 19.85 19.67 19.96 23.03 
18.05 19.38 19.78 19.62 19.79 22.90 
17.62 19.13 19.53 19.35 19.54 22.70 
17.93 19.22 19.56 19.40 19.52 22.68 
17.74 19.17 19.53 19.30 19.49 22.64 
17.73 19.13 19.44 19.22 19.44 22.56 
17.66 19.02 19.37 19.08 19.32 22.51 
17.69 18.95 19.31 19.01 19.26 22.48 
17.57 18.88 19.24 18.91 19.21 22.43 
17.50 18.86 19.17 18.84 19.15 22.31 
17.39 18.72 19.05 18.79 19.00 22.19 
17.23 18.52 18.90 18.63 18.88 22.11 
17.17 18.48 18.88 18.60 18.78 22.07 
17.24 18.43 18.78 18.51 18.67 21.97 
17.09 18.33 18.71 18.38 18.52 21.94 
17.01 18.24 18.61 18.34 18.49 21.86 
16.99 18.21 18.57 18.27 18.41 21.83 
16.92 18.18 18.53 18.22 18.30 21.82 
16.93 18.09 18.44 18.13 18.24 21.68 
16.83 18.03 18.39 18.04 18.14 21.67 
16.61 17.82 18.19 17.89 18.02 21.49 
16.67 17.78 18.16 17.86 17.94 21.39 
16.60 17.72 18.15 17.80 17.93 21.34 
16.54 17.69 18.10 17.76 17.81 21.31 
16.47 17.62 17.99 17.69 17.72 21.26 
16.45 17.56 17.90 17.63 17.64 21.17 
16.47 17.53 17.84 17.60 17.59 21.14 
16.34 17.48 17.81 17.58 17.55 21.06 
15.52 16.74 17.09 16.92 16.82 20.51 
