ROI x Position ROI y Position 
112.25 126.43 
140.61 154.80 
168.98 183.16 
197.34 211.53 
225.71 239.89 
254.07 268.25 
282.44 296.62 
310.80 324.98 
339.17 353.35 
367.53 381.71 
395.89 410.08 
424.26 438.44 
452.62 466.81 
480.99 495.17 
509.35 523.53 
537.72 551.90 
566.08 580.26 
594.45 608.63 
622.81 636.99 
651.17 665.36 
679.54 693.72 
707.90 722.09 
736.27 750.45 
764.63 778.81 
793.00 807.18 
821.36 835.54 
849.73 863.91 
878.09 892.27 
906.45 920.64 
934.82 949.00 
963.18 977.37 
991.55 1005.73 
1019.91 1034.09 
1048.28 1062.46 
1076.64 1090.82 
1105.01 1119.19 
1133.37 1147.55 
1161.73 1175.92 
1190.10 1204.28 
1218.46 1232.65 
1246.83 1261.01 
1275.19 1289.37 
1303.56 1317.74 
1331.92 1346.10 
1360.29 1374.47 
1388.65 1402.83 
1417.01 1431.20 
1445.38 1459.56 
1473.74 1487.93 
1502.11 1516.29 
1530.47 1544.65 
1558.84 1573.02 
1587.20 1601.38 
1615.57 1629.75 
1643.93 1658.11 
1672.29 1686.48 
1700.66 1714.84 
1722.32 1714.26 
1706.19 1698.13 
1690.07 1682.01 
1673.94 1665.88 
1657.82 1649.75 
1641.69 1633.63 
1625.57 1617.50 
1609.44 1601.38 
1593.31 1585.25 
1577.19 1569.12 
1561.06 1553.00 
1544.94 1536.87 
1528.81 1520.75 
1512.68 1504.62 
1496.56 1488.49 
1480.43 1472.37 
1464.31 1456.24 
1448.18 1440.12 
1432.05 1423.99 
1415.93 1407.87 
1399.80 1391.74 
1383.68 1375.61 
1367.55 1359.49 
1351.42 1343.36 
1335.30 1327.24 
1319.17 1311.11 
1303.05 1294.98 
1286.92 1278.86 
1270.79 1262.73 
1254.67 1246.61 
1238.54 1230.48 
1222.42 1214.35 
1206.29 1198.23 
1190.17 1182.10 
1174.04 1165.98 
1157.91 1149.85 
1141.79 1133.72 
1125.66 1117.60 
1109.54 1101.47 
1093.41 1085.35 
1077.28 1069.22 
1061.16 1053.10 
1045.03 1036.97 
1028.91 1020.84 
1012.78 1004.72 
996.65 988.59 
980.53 972.47 
964.40 956.34 
948.28 935.58 
921.32 907.06 
892.80 878.54 
864.28 850.02 
835.76 821.50 
807.24 792.99 
778.73 764.47 
750.21 735.95 
721.69 707.43 
693.17 678.91 
664.65 650.40 
636.14 621.88 
607.62 593.36 
579.10 564.84 
550.58 536.32 
522.07 507.81 
493.55 479.29 
465.03 450.77 
436.51 422.25 
407.99 393.73 
379.48 365.22 
350.96 336.70 
322.44 308.18 
293.92 279.66 
265.40 251.14 
236.89 222.63 
208.37 194.11 
179.85 165.59 
151.33 137.07 
122.81 109.25 
109.28 109.32 
109.35 109.38 
109.42 109.45 
109.48 109.52 
109.55 109.58 
109.62 109.65 
109.68 109.72 
109.75 109.78 
109.82 109.85 
109.88 109.92 
109.95 109.98 
110.02 110.05 
110.08 110.12 
110.15 110.18 
110.22 110.25 
110.28 110.32 
110.35 110.38 
110.42 110.45 
110.48 110.52 
110.55 110.58 
110.62 110.65 
110.68 110.72 
110.75 110.78 
110.82 110.85 
110.88 110.92 
110.95 110.98 
111.02 111.05 
111.08 111.12 
111.15 111.18 
111.22 111.25 
111.28 111.32 
111.35 111.38 
111.42 111.45 
111.48 111.52 
111.55 111.58 
111.62 111.65 
111.68 111.72 
111.75 111.78 
111.82 111.85 
111.88 111.92 
111.95 111.98 
112.02 112.05 
112.08 112.12 
112.15 112.18 
112.22 112.25 
1319.75 1318.27 
1316.79 1315.32 
1313.84 1312.36 
1310.88 1309.41 
1307.93 1306.45 
1304.97 1303.50 
1302.02 1300.54 
1299.06 1297.59 
1296.11 1294.63 
1293.15 1291.68 
1290.20 1288.72 
1287.24 1285.77 
1284.29 1282.81 
1281.33 1279.86 
1278.38 1276.90 
1275.42 1273.94 
1272.47 1270.99 
1269.51 1268.03 
1266.56 1265.08 
1263.60 1262.12 
1260.65 1259.17 
1257.69 1256.21 
1254.74 1253.26 
1251.78 1250.30 
1248.83 1247.35 
1245.87 1244.39 
1242.92 1241.44 
1239.96 1238.48 
1237.00 1235.53 
1234.05 1232.57 
1231.09 1229.62 
1228.14 1226.66 
1225.18 1223.71 
1222.23 1220.75 
1219.27 1217.80 
1216.32 1214.84 
1213.36 1211.89 
1210.41 1208.93 
1207.45 1205.98 
1204.50 1203.02 
1201.54 1200.07 
1198.59 1197.11 
1195.63 1194.15 
1192.68 1191.20 
1189.72 1188.24 
1186.77 1185.29 
1183.81 1182.33 
1180.86 1179.38 
1177.90 1176.42 
1174.95 1173.47 
1171.99 1170.51 
1169.04 1167.56 
1166.08 1164.60 
1163.13 1161.65 
1160.17 1158.69 
1157.22 1155.74 
1154.26 1152.78 
1148.21 1136.45 
1124.69 1112.93 
1101.16 1089.40 
1077.64 1065.88 
1054.12 1042.36 
1030.60 1018.84 
1007.08 995.32 
983.56 971.80 
960.04 948.28 
936.52 924.76 
913.00 901.24 
889.48 877.72 
865.96 854.20 
842.44 830.68 
818.91 807.15 
795.39 783.63 
771.87 760.11 
748.35 736.59 
724.83 713.07 
701.31 689.55 
677.79 666.03 
654.27 642.51 
630.75 618.99 
607.23 595.47 
583.71 571.95 
560.19 548.43 
536.66 524.90 
513.14 501.38 
489.62 477.86 
466.10 454.34 
442.58 430.82 
419.06 407.30 
395.54 383.78 
372.02 360.26 
348.50 336.74 
324.98 313.22 
301.46 289.70 
277.94 266.17 
254.41 242.65 
230.89 219.13 
207.37 195.61 
183.85 172.09 
160.33 148.57 
136.81 125.05 
113.29 101.53 
89.77 78.01 
66.25 54.49 
42.73 30.97 
19.21 16.27 
16.29 16.32 
16.35 16.37 
16.40 16.42 
16.45 16.47 
16.50 16.52 
16.55 16.58 
16.60 16.63 
16.65 16.68 
16.70 16.73 
16.75 16.78 
16.81 16.83 
16.86 16.88 
16.91 16.93 
16.96 16.98 
17.01 17.04 
17.06 17.09 
17.11 17.14 
17.16 17.19 
17.21 17.24 
17.27 17.29 
17.32 17.34 
17.37 17.39 
17.42 17.44 
17.47 17.50 
17.52 17.55 
17.57 17.60 
17.62 17.65 
17.67 17.70 
17.73 18.44 
32.70 46.96 
61.22 75.48 
89.74 104.00 
118.26 132.52 
146.78 161.03 
175.29 189.55 
203.81 218.07 
232.33 246.59 
260.85 275.11 
289.36 303.62 
317.88 332.14 
346.40 360.66 
374.92 389.18 
403.44 417.70 
431.95 446.21 
460.47 474.73 
488.99 503.25 
517.51 531.77 
546.03 560.28 
574.54 588.80 
603.06 617.32 
631.58 645.84 
660.10 674.36 
688.62 702.87 
717.13 731.39 
745.65 759.91 
774.17 788.43 
802.69 816.95 
831.20 845.46 
859.72 873.98 
888.24 902.50 
916.76 931.02 
945.28 959.54 
973.79 988.05 
1002.31 1016.57 
1030.83 1045.09 
1059.35 1073.61 
1087.87 1102.12 
1116.38 1130.64 
1144.90 1159.16 
1173.42 1187.68 
1201.94 1216.20 
1230.46 1244.71 
1258.97 1273.23 
1287.49 1301.75 
ROI x Center ROI y Center 
762.33 718.36 
